-2.519575953483581543e-01
-2.296096645295619965e-03
9.130594879388809204e-02
1.957094296813011169e-02
-3.844754025340080261e-02
1.402753889560699463e-01
1.109299883246421814e-01
-3.922255337238311768e-02
-4.371790587902069092e-02
-2.656406164169311523e-01
1.836991682648658752e-02
-2.101671397686004639e-01
6.020678207278251648e-03
-9.187331795692443848e-02
7.938828319311141968e-02
-2.814157009124755859e-01
-5.417246371507644653e-02
2.666797116398811340e-02
1.519237179309129715e-03
-1.555382758378982544e-01
-3.570942580699920654e-01
-3.397552995011210442e-03
-1.065477430820465088e-01
9.148757904767990112e-02
2.095362544059753418e-02
-6.901500374078750610e-02
-1.338766217231750488e-01
3.311852365732192993e-02
-1.702257692813873291e-01
-2.310808934271335602e-02
2.745187468826770782e-02
6.438029557466506958e-02
