3.138083377277872454e+00
5.660105593262002799e+00
5.017154343466294186e+00
4.047664740950269291e+00
1.045670571059987530e+01
2.743952561245686095e+00
3.458913712189391365e+00
5.678688134772023943e+00
1.043760697271637206e+01
2.147000838405802359e+00
2.831601299589458165e+00
4.135382636850926552e+00
3.654799853117819630e+00
1.472161962348063069e+00
3.906920361262392838e+00
2.658759302631479748e+00
8.359108669554016657e+00
3.999647207867217613e+00
6.009924780958636248e+00
2.249701144809086895e+00
5.417730391616853325e+00
6.581987934695350262e+00
8.809657472782493892e-01
4.540400150915600896e+00
1.996883275579544481e+00
1.424639092998915446e+00
6.349796135637220118e+00
4.780102961984538545e+00
5.444498228812149954e+00
2.551540820607491877e+00
2.218177064076576332e+00
3.429808720418293433e+00
