-7.759673312410295676e-01
-2.452824028940693013e-01
-2.695507808103145275e-01
-2.605538515834799895e-01
-2.215305180639652594e-01
-7.652868897569798934e-01
-1.677390118599647040e-01
-3.516420203658905397e-01
-1.684894604759817893e-01
-1.089488120642422730e+00
-6.438387455966967376e-01
-6.489293907023969687e-01
-3.387085097291446800e-01
-1.668262689439657276e+00
-2.072815677367766951e-01
-9.118129730069172156e-01
-3.299629790503295079e-01
-3.297251331738721980e-01
-2.183012439209886524e-01
-5.901169930350028681e-01
-5.607881624413250110e-01
-2.654929045139346466e-01
-2.253279827773136290e+00
-7.681933883428038179e-01
-8.268116176409813223e-01
-1.290199283414032783e+00
-2.793295332928801278e-01
-3.154918957954299108e-01
-5.336453630655850766e-01
-1.044274291354456263e+00
-3.411183821815355066e-01
-5.775364189417599992e-01
