4.760623276233673096e-01
1.554759144783020020e-01
2.027545124292373657e-01
2.762381434440612793e-01
2.591462619602680206e-02
5.107198357582092285e-01
3.027451634407043457e-01
1.347031742334365845e-01
3.055206499993801117e-02
9.631530046463012695e-01
6.378448605537414551e-01
2.706672251224517822e-01
2.495710402727127075e-01
2.059003591537475586e+00
1.752126961946487427e-01
6.327443122863769531e-01
5.154625326395034790e-02
1.962024420499801636e-01
1.212239861488342285e-01
5.344459414482116699e-01
1.290380209684371948e-01
1.044799908995628357e-01
5.015179157257080078e+00
2.322071194648742676e-01
7.619673609733581543e-01
1.491666674613952637e+00
7.079659402370452881e-02
2.356708347797393799e-01
1.615653634071350098e-01
8.297625184059143066e-01
4.881520867347717285e-01
2.524110376834869385e-01
