1.669840067625045776e-01
4.292964190244674683e-02
7.192458212375640869e-02
6.920652091503143311e-02
1.750866696238517761e-02
3.300211131572723389e-01
8.056546747684478760e-02
5.501613393425941467e-02
1.195403840392827988e-02
3.837201595306396484e-01
2.338636666536331177e-01
1.060995534062385559e-01
9.432231634855270386e-02
1.070798873901367188e+00
7.337488979101181030e-02
2.371020466089248657e-01
3.299281373620033264e-02
8.910613507032394409e-02
3.657624498009681702e-02
1.931717544794082642e-01
3.759764507412910461e-02
3.982008993625640869e-02
2.436794042587280273e+00
1.893403530120849609e-01
4.245442152023315430e-01
8.571885228157043457e-01
2.290670573711395264e-02
7.292947918176651001e-02
6.674987822771072388e-02
4.002155065536499023e-01
1.661590784788131714e-01
1.871581673622131348e-01
