2.167464733123779297e+00
2.238970041275024414e+00
2.264702081680297852e+00
2.131233453750610352e+00
1.715493440628051758e+00
1.962875366210937500e+00
1.906313896179199219e+00
2.091910123825073242e+00
1.854021787643432617e+00
2.108167886734008789e+00
2.263235807418823242e+00
2.155431985855102539e+00
1.829485774040222168e+00
2.112951755523681641e+00
1.640035152435302734e+00
2.116586685180664062e+00
1.916155934333801270e+00
1.776142597198486328e+00
2.101102590560913086e+00
1.646200180053710938e+00
1.953676104545593262e+00
2.137677192687988281e+00
1.973083853721618652e+00
2.192628383636474609e+00
1.744237661361694336e+00
1.740549087524414062e+00
1.701420664787292480e+00
2.325464010238647461e+00
2.195188760757446289e+00
2.325631856918334961e+00
1.551379919052124023e+00
1.726563930511474609e+00
