2.436336776396360038e-01
1.637739992116931664e-01
1.378355521124388638e-01
1.520292097744078696e-01
3.941248247962413909e-01
3.848271579500521788e-01
2.175925617986167737e-01
4.328585159593557052e-01
1.325732649482732339e-01
1.511567703979809774e-01
1.055169060451392887e-01
3.219724021350531817e-01
6.362040059656000057e-01
3.284980091200544461e-01
6.078668435626687350e-01
3.195302846125341878e-01
1.410570837085342588e-01
3.457530404484159270e-01
3.054942492317542779e-01
3.500715383817374904e-01
3.910726061653963526e-01
4.244538731717392710e-01
1.049265826307316379e-01
3.633703760584950371e-01
3.623690528064124616e-01
1.195146342311155241e-01
3.462274305073171354e-01
3.460251397259273554e-01
1.443065054508524125e-01
1.818107500133913645e-01
1.283924485917689873e-01
1.580405284692343870e-01
