-1.046492057963492178e-01
-9.467768354387398055e-01
-4.121593678098415259e-01
-1.155036789539906766e-01
-7.168632132747426722e-02
-6.702201903796772831e-02
-1.162199807507495047e-01
-2.966863592159124652e-02
-2.686495069708095818e-01
-9.496251369208731363e-01
-6.418003311066607930e-01
-4.196367698542166624e-02
-3.559355778191421182e-03
-4.069874804926014444e-02
-3.262664181719593555e-03
-8.729631193683712320e-02
-1.383213184513965022e+00
-2.928730311004445336e-02
-8.403382157990130219e-02
-5.699311254053980591e-02
-6.019147249001105537e-02
-4.044262017862756270e-02
-1.199053425867543599e+00
-6.145848844990917104e-02
-7.204427284234635187e-02
-5.904470042624128112e-01
-5.629246658516601221e-02
-6.434485613833480777e-03
-6.451859794195284881e-01
-2.416987887281333292e-01
-9.479164745172657947e-01
-6.635166282751635558e-01
