-4.375104233622550964e-02
-4.478884339332580566e-01
-2.104969918727874756e-01
-3.980216756463050842e-02
-2.382535859942436218e-02
2.666750177741050720e-02
-5.215397849678993225e-02
5.490035936236381531e-02
-1.104423850774765015e-01
-3.914408683776855469e-01
-2.675811052322387695e-01
2.220427803695201874e-02
4.079398140311241150e-02
2.913408167660236359e-02
1.929647405631840229e-03
-1.407259609550237656e-02
-4.564315974712371826e-01
2.530245669186115265e-02
-4.278578236699104309e-02
1.397125143557786942e-02
-4.863318987190723419e-03
2.087370492517948151e-02
-3.722988367080688477e-01
2.526581659913063049e-02
-1.878179982304573059e-02
-2.903953194618225098e-01
2.927886694669723511e-02
4.747828841209411621e-02
-3.297114372253417969e-01
-1.600603163242340088e-01
-4.121694564819335938e-01
-3.542219102382659912e-01
