2.768977880477905273e-01
4.642647802829742432e-01
3.280004262924194336e-01
3.002580404281616211e-01
3.154264688491821289e-01
5.377836227416992188e-01
3.317237794399261475e-01
6.158760190010070801e-01
4.012527167797088623e-01
4.789592623710632324e-01
3.875250220298767090e-01
4.547958672046661377e-01
4.508141279220581055e-01
4.649462699890136719e-01
1.069698557257652283e-01
4.120629429817199707e-01
5.742866992950439453e-01
4.739263355731964111e-01
2.225792557001113892e-01
4.639295935630798340e-01
3.082665205001831055e-01
3.827692866325378418e-01
4.607632458209991455e-01
5.990098118782043457e-01
3.138075768947601318e-01
3.433861136436462402e-01
5.724700093269348145e-01
4.506486654281616211e-01
3.538188934326171875e-01
2.376152276992797852e-01
4.102807343006134033e-01
3.425726294517517090e-01
