2.499579042196273804e-01
3.046200275421142578e+00
1.463065028190612793e+00
4.979405701160430908e-01
1.214360520243644714e-01
2.434587031602859497e-01
2.944310307502746582e-01
1.953732967376708984e-01
1.193356156349182129e+00
3.692750692367553711e+00
3.546533346176147461e+00
1.992964446544647217e-01
6.971558928489685059e-02
2.125822007656097412e-01
8.541856892406940460e-03
2.291604876518249512e-01
6.570259094238281250e+00
1.578865647315979004e-01
1.350206732749938965e-01
2.027138918638229370e-01
1.414779573678970337e-01
1.444593369960784912e-01
7.879362583160400391e+00
2.386664152145385742e-01
1.469840556383132935e-01
2.510585308074951172e+00
2.471535354852676392e-01
1.558059453964233398e-01
2.186142206192016602e+00
4.490299522876739502e-01
4.172729969024658203e+00
1.957059502601623535e+00
