1.290707945823669434e+00
8.035030364990234375e+00
5.661736011505126953e+00
3.899634122848510742e+00
6.395140886306762695e-01
1.951916694641113281e+00
2.323155164718627930e+00
2.023392200469970703e+00
9.159603118896484375e+00
1.003919029235839844e+01
1.348724365234375000e+01
1.994242668151855469e+00
5.011138916015625000e-01
2.002272605895996094e+00
2.996748313307762146e-02
1.662041425704956055e+00
1.657454109191894531e+01
1.877839446067810059e+00
5.298395752906799316e-01
1.755267024040222168e+00
6.203523278236389160e-01
8.122295737266540527e-01
1.928244400024414062e+01
2.716495513916015625e+00
7.489367723464965820e-01
8.254117965698242188e+00
2.732899427413940430e+00
1.695136785507202148e+00
6.010601997375488281e+00
1.707084774971008301e+00
1.021035289764404297e+01
4.697598934173583984e+00
